    unsorted:	 4074.629308 4012.609501 3944.840374 4130.384614 3807.184809 3829.604443 3734.967528 4283.495004 4340.534864 4462.995111 4496.637932 3492.245783 3547.643325 4734.304444 4752.717880 3239.178015 3256.800466 5001.622307 5199.010184 5382.089540 5488.136672 5791.883813 5861.326555 6053.361744 2630.739003 2440.193723 2128.709302 6488.420894 1835.603320 6934.829079 7116.013423 7.851968439 11.83922293 9.716658553 149.1257814 38.52436326 121.4108184 105.6653690 940.8659772 886.9818175 1128.590732 469.2742106 7921.851456 8002.133258 8422.982137 8869.089880 10210.17632 10706.06718 11382.48507 12817.52788 14335.66847 16280.55734 18430.01970 21435.08797 24320.01794 30088.38212 32403.10941 37410.72621 40649.20637 45122.63310 84157.00445 555016.9043 1371494.613
      sorted:	 7.851968439 9.716658553 11.83922293 38.52436326 105.6653690 121.4108184 149.1257814 469.2742106 886.9818175 940.8659772 1128.590732 1835.603320 2128.709302 2440.193723 2630.739003 3239.178015 3256.800466 3492.245783 3547.643325 3734.967528 3807.184809 3829.604443 3944.840374 4012.609501 4074.629308 4130.384614 4283.495004 4340.534864 4462.995111 4496.637932 4734.304444 4752.717880 5001.622307 5199.010184 5382.089540 5488.136672 5791.883813 5861.326555 6053.361744 6488.420894 6934.829079 7116.013423 7921.851456 8002.133258 8422.982137 8869.089880 10210.17632 10706.06718 11382.48507 12817.52788 14335.66847 16280.55734 18430.01970 21435.08797 24320.01794 30088.38212 32403.10941 37410.72621 40649.20637 45122.63310 84157.00445 555016.9043 1371494.613
