    unsorted:	 3411.882297 3414.305716 3409.214215 3416.647551 3405.589550 3402.174216 3398.607073 3394.881370 3421.998353 3425.006464 3427.058239 3429.000684 3390.895664 3386.654665 3382.128120 3377.323168 3432.923474 3372.247770 3366.925811 3361.353471 3355.438766 3354.904148 3437.955670 3441.554776 3348.979400 3341.970414 3450.011983 3334.780708 3328.163829 3323.229713 3318.294558 3316.761559 3310.162329 3458.156906 3305.201036 3288.324944 3286.717146 3473.910243 3469.588812 3274.729442 3275.707031 3252.818496 3540.449447 3160.950281 3639.142120 3046.289015 2986.201004 3764.977329 2908.372653 2864.956907 2696.304801 4056.152664 4109.981447 2501.547894 2503.790099 4532.181385 2106.286435 2024.574220 1673.846495 5104.248640 1495.759643 6857.351649 6921.221079 8904.550357 12774.10191 14407.96740 22019.43847 24842.01113 31871.17998 37807.96557 165753.0359 3469.782797
      sorted:	 1495.759643 1673.846495 2024.574220 2106.286435 2501.547894 2503.790099 2696.304801 2864.956907 2908.372653 2986.201004 3046.289015 3160.950281 3252.818496 3274.729442 3275.707031 3286.717146 3288.324944 3305.201036 3310.162329 3316.761559 3318.294558 3323.229713 3328.163829 3334.780708 3341.970414 3348.979400 3354.904148 3355.438766 3361.353471 3366.925811 3372.247770 3377.323168 3382.128120 3386.654665 3390.895664 3394.881370 3398.607073 3402.174216 3405.589550 3409.214215 3411.882297 3414.305716 3416.647551 3421.998353 3425.006464 3427.058239 3429.000684 3432.923474 3437.955670 3441.554776 3450.011983 3458.156906 3469.588812 3469.782797 3473.910243 3540.449447 3639.142120 3764.977329 4056.152664 4109.981447 4532.181385 5104.248640 6857.351649 6921.221079 8904.550357 12774.10191 14407.96740 22019.43847 24842.01113 31871.17998 37807.96557 165753.0359
